18.325411
56.829574
3.289044
16.401441
41.704717
6.514356
36.536022
31.458803
25.452194
6.357913
49.531060
32.062930
44.168438
52.526001
16.356289
54.620525
16.106936
47.086045
38.231399
46.838683
15.490250
15.802544
36.150092
19.336248
15.998586
16.857828
28.765001
40.061530
27.809474
58.178477
55.666432
17.655644
1.309763
39.636059
29.179613
8.110299
17.298625
39.499090
38.936967
44.742800
16.368014
10.370864
14.876264
49.547043
23.050419
10.977086
26.894734
5.093104
30.681881
3.370115
47.222792
17.562728
24.588301
6.818224
53.733238
8.562071
4.622883
53.138232
46.028103
44.550007
2.644598
17.172924
18.146324
6.580495
36.892318
50.100816
6.222476
4.267544
22.585690
57.595687
8.829001
64.082327
22.453575
10.614965
32.042610
12.630372
5.443047
14.460082
22.138281
26.639100
34.448047
55.309825
36.548897
56.491349
27.620282
41.664832
7.360114
27.190562
21.037255
32.205595
51.498128
66.013462
60.992251
42.371644
5.365174
45.376015
33.688558
30.649898
61.757015
49.505650
17.164570
48.725248
36.137026
10.852192
40.372659
35.545833
4.659582
42.857936
22.989312
53.385487
61.610816
21.972703
12.801117
55.376343
0.006181
50.112372
7.219989
12.302058
66.964690
22.330106
29.065738
18.422740
24.601498
3.156823
17.919534
15.089781
28.980605
23.715539
6.916939
55.728505
25.696376
36.875645
58.459405
20.032955
30.671203
13.074347
34.855966
63.816407
20.533135
56.696283
32.712615
22.582225
44.264408
31.849311
29.228347
26.893435
0.006055
48.184007
54.557373
25.067136
53.733223
36.630493
32.395150
10.393791
7.392459
37.704618
17.595496
55.864912
64.147106
55.129180
26.178928
50.279648
50.133325
39.505000
26.133360
35.690403
30.367659
37.702503
64.166911
14.184594
62.748031
16.285918
48.882231
46.476773
47.259603
52.248382
53.507224
0.682357
19.344332
25.179100
55.928481
35.508557
0.411583
21.133677
0.191931
1.336998
30.336210
42.772725
49.078673
0.900834
33.046356
9.706186
40.620712
5.791640
19.160858
32.803976
21.644238
46.879657
9.522721
15.172807
61.568075
18.365210
38.843823
22.570759
53.147186
53.527628
21.122904
56.960603
14.005712
1.550499
36.806389
12.865058
14.900734
51.261076
18.301876
38.999577
7.055134
15.614422
20.971816
18.217256
54.986645
82.129846
62.419274
57.732880
81.450140
38.349529
25.082136
0.758491
51.631567
57.786603
65.736341
55.148570
2.689477
30.002730
28.613904
16.238843
64.675316
36.080363
25.470804
69.004625
49.040242
59.329113
29.725193
45.211981
6.909993
6.643649
12.250801
10.302234
9.671350
65.159018
12.225991
6.192918
17.477278
60.542682
42.657115
32.882015
28.532941
63.941638
4.218721
35.736836
24.873688
17.998183
53.441503
22.592462
4.011267
49.946586
2.567702
61.823302
7.955607
29.172673
28.668754
25.954466
7.002352
10.662688
47.323382
56.703389
63.449954
23.653980
19.093458
10.028287
60.576989
8.333080
23.977327
7.552316
59.471950
21.570181
70.583188
21.958982
21.907881
37.411024
52.703509
28.865220
59.940391
53.211112
68.493052
17.733876
45.820396
0.775645
52.099325
50.411300
57.501446
3.906531
52.909826
27.106720
34.220574
31.598195
35.737710
64.606186
43.206645
67.735385
1.653014
17.091741
44.541574
27.597235
33.592485
60.172598
17.614742
18.733022
51.206886
49.736084
59.708001
23.446503
45.737455
39.536208
13.261586
19.178590
65.425598
28.213749
13.726323
18.829281
55.486709
12.086303
65.743546
38.387434
53.385713
14.041175
24.288007
34.944003
67.051079
73.638268
32.752683
65.390517
9.138077
42.555533
65.878101
12.591134
65.102185
89.853506
69.293764
47.254983
2.289226
72.555047
77.074877
30.943464
27.452863
63.531595
61.231492
30.446796
44.345235
54.684395
24.644037
4.249509
13.204990
58.450449
35.779457
13.716049
8.426047
30.113806
16.717044
43.678483
8.482127
59.004775
26.720330
49.895923
35.110266
40.945345
18.218913
23.980546
38.926022
54.726492
49.551019
45.254085
3.348442
53.684877
47.015206
28.569544
2.847260
41.105897
33.263864
14.425668
23.176399
51.956145
50.187518
35.826911
16.006562
13.292666
35.623024
0.455992
27.164158
23.039607
28.453114
49.712143
59.105537
2.442672
7.318816
20.885920
57.583676
3.663480
45.522027
48.941364
28.084577
34.320058
41.255991
12.921845
20.305786
32.672302
37.302145
36.163702
41.212296
15.311054
32.611978
51.643082
57.425402
33.169723
55.036556
25.752315
47.894663
28.234306
39.614901
3.624367
13.211104
9.823955
53.585977
26.087914
53.653746
44.627398
41.116185
37.939883
16.611079
39.387219
17.009189
1.050976
51.500327
32.439571
22.864808
37.532522
43.855047
53.608706
4.351444
58.394712
36.117145
7.369288
29.435441
33.870909
62.327131
48.551763
66.131346
62.196445
62.347942
50.165197
2.415580
38.629288
35.800145
32.556462
10.028709
23.068611
33.342490
16.362296
64.654794
12.585627
35.216597
47.179890
13.788049
32.928789
24.213875
51.496387
50.707155
5.804539
16.945968
52.473158
36.635025
40.614689
61.682535
59.682380
49.648592
57.105288
16.786183
29.732829
45.601137
16.408987
36.261464
63.668460
38.878440
64.878525
5.007618
20.973989
28.847623
49.468897
5.597507
18.587044
12.918125
53.655390
57.485030
25.491670
23.553939
18.170139
0.578033
8.576538
40.046565
4.580860
1.429046
17.982211
39.797610
41.477013
23.004285
58.377084
37.926207
60.618784
29.690430
30.280298
66.820478
14.783722
19.454798
63.290192
65.557565
22.271293
3.182047
65.778580
47.451670
60.143604
45.292142
45.078737
37.476562
57.278724
10.891308
42.484636
49.076853
59.174140
16.604139
19.100383
21.498837
1.104328
19.827167
1.778953
57.813726
28.513059
19.766179
34.040075
11.101451
17.915462
14.063830
44.726629
25.362124
3.955632
4.090397
31.345259
10.372054
51.021818
5.884225
14.070609
56.525068
6.525201
69.732565
53.896921
9.852062
13.234697
65.997503
32.663599
28.662023
30.499753
43.928194
7.867076
9.010780
30.311391
5.861869
12.266159
22.437970
8.710374
47.577280
56.233464
26.485652
37.107292
47.109975
36.904278
10.692815
39.025446
41.796300
50.011842
40.055252
42.850192
49.328026
46.969491
43.821584
52.582126
14.288822
28.180484
57.967269
37.702675
52.975641
51.532422
50.125955
27.663693
53.291052
46.883031
19.377623
43.412810
44.597754
31.956670
36.357575
29.454989
25.738025
50.247156
5.655486
35.092967
12.216402
14.869838
15.317732
23.622761
15.410007
44.783974
22.674130
44.069812
2.010504
14.037519
21.748459
34.772591
12.461786
32.411749
37.698855
10.224929
1.606472
30.586777
39.333512
2.595224
25.536174
30.151032
54.385355
7.252650
46.962609
32.572360
5.059091
11.522552
5.463981
54.781538
45.577226
13.949914
6.123123
39.616139
61.450762
37.656366
24.251474
40.183776
32.451649
2.770658
6.873871
57.131150
2.199860
0.611440
39.553100
23.922750
48.151879
26.947934
58.123642
54.942554
51.493207
55.498631
10.428405
52.147473
8.757882
1.136414
10.472006
35.649468
20.752852
30.940676
37.242718
35.603212
2.796233
51.087906
16.476131
24.535794
44.787757
55.875887
24.400579
23.498412
38.055515
6.782151
6.385130
17.274507
26.888512
51.744142
3.373748
48.865076
26.319187
50.192216
9.268575
30.555942
25.200642
54.851629
30.731136
7.148864
21.887838
37.536348
1.686841
48.059768
54.960659
26.493562
50.751907
31.184544
20.467241
38.311436
23.623104
38.366033
37.636887
33.908625
8.216564
11.782695
1.606601
64.221083
15.064956
34.075196
18.259791
38.877300
17.701652
36.509582
53.062652
28.151111
27.908243
28.120459
2.839710
58.604199
7.924599
30.055806
18.445555
52.484118
27.952685
50.586238
47.150327
42.218153
6.568963
10.215173
38.599738
32.763087
17.654185
55.522472
16.922407
17.014942
57.646960
28.379274
62.393534
72.466716
67.771016
8.575706
47.210440
2.307333
51.625056
7.729239
56.907236
35.211081
42.698429
17.679714
48.080915
35.338051
29.737926
12.674675
1.386725
28.793402
3.133192
33.102850
12.803466
29.597579
24.513625
21.634044
11.945027
41.406016
11.628703
53.834628
1.790157
11.096592
20.784591
32.432264
1.052617
48.980245
48.670492
42.076721
11.402799
58.348187
22.459776
27.824298
5.944144
47.716865
65.316965
72.902401
60.066636
17.781749
81.661437
8.466955
1.860741
61.454648
20.848403
48.517216
73.286514
54.220016
15.866444
27.012148
82.759737
68.109400
26.391994
4.799492
23.449049
32.409606
61.500283
64.509451
47.252347
9.119614
48.430289
24.189478
26.656396
53.344581
36.268549
47.506805
56.220439
49.761148
61.635859
7.340770
64.575194
62.495006
