52.329193
26.500822
8.448175
40.244748
14.048786
46.064483
39.826382
34.734941
15.921683
5.492282
13.722539
45.237498
33.109866
24.930815
38.006738
28.822076
37.545283
37.607102
27.381033
42.104935
57.593179
42.129822
9.851649
50.789172
48.606140
52.858191
4.463765
0.321800
21.807809
53.647952
29.171805
18.565740
46.225426
44.661422
3.625565
50.067741
48.675365
59.452555
17.065738
23.093998
53.712874
48.867473
38.674451
13.005243
10.468972
40.157104
4.472260
3.715223
43.152966
21.681818
47.085141
3.521171
14.313442
1.883927
35.616474
13.796621
21.826405
5.181055
53.148700
32.929437
52.254682
35.505384
20.577139
43.702940
18.849737
34.900945
35.747859
31.860317
30.544173
31.710927
9.341677
42.444869
10.931067
31.860525
41.159353
19.754658
17.487017
5.349041
42.064999
2.342212
40.781531
24.849065
6.959494
32.448765
52.746793
47.431122
41.264882
20.862460
45.411319
43.932429
52.490484
10.534129
26.531905
18.701864
21.267476
32.955181
12.495142
19.064700
58.104187
7.558003
4.937034
45.094696
36.550372
20.489831
9.906283
49.180999
6.053948
42.974391
36.000851
56.589374
24.051258
35.435814
45.221455
54.708655
30.538818
48.658341
27.173975
30.067440
25.594919
9.899120
27.885474
30.394774
50.851466
26.101435
29.113291
17.801661
18.820430
3.652860
35.840441
10.629563
25.621027
39.963288
48.266931
25.629469
20.615027
38.289052
6.771044
4.970149
47.959880
51.356931
24.407210
37.564826
43.716559
14.818513
16.463657
0.008457
12.782519
55.367299
9.044113
9.981840
23.638469
16.436653
28.796784
23.752857
37.919789
55.499521
29.039258
16.913761
42.544879
5.206686
30.863386
4.795617
27.699102
46.830075
18.267043
43.795243
45.044983
13.507002
41.064922
21.946723
37.785275
41.540819
43.302398
53.067248
54.070358
15.813585
10.000187
0.276303
22.091064
44.707780
8.286616
14.869375
14.202536
4.163944
10.543885
9.681553
25.173024
22.001218
54.682153
16.129562
23.811687
40.510628
0.620724
46.122651
35.137092
56.684970
13.325503
13.975887
34.321532
7.477312
8.910004
26.291109
3.323011
3.379826
6.027105
17.181575
54.912077
18.903584
13.715693
53.097907
27.210033
8.371002
15.733548
26.220352
43.358332
12.968270
2.870187
19.565888
32.692566
5.274893
32.087984
29.019539
37.629776
49.857710
9.427743
42.649001
18.528197
16.632805
37.905290
15.515861
47.420775
11.646708
23.580758
43.497922
32.133414
42.526515
1.113312
51.713756
13.019114
47.430314
33.601007
44.500546
0.571193
3.773195
11.193229
0.961755
46.895423
5.178405
39.174984
40.370917
31.930338
1.530355
17.372198
27.510865
36.909200
11.804875
3.039383
29.827063
1.105761
18.005166
29.100184
11.503062
19.514147
33.695636
51.055733
42.919547
33.163613
32.170225
46.102516
26.261592
50.640033
38.149416
25.121748
13.331190
40.114923
44.153956
42.017261
55.672887
13.037569
42.649070
31.161659
44.714301
19.156777
34.977537
45.701064
2.050825
31.624301
0.125017
29.040957
8.519109
14.603572
4.154287
13.038123
19.072630
50.736414
7.502455
16.564246
29.678937
17.172542
46.748542
4.826803
3.009468
18.998990
26.799777
8.254103
48.534347
8.991420
51.015305
49.401295
3.926485
58.981532
57.634417
25.334378
53.467424
14.923772
1.531438
37.359750
7.152782
35.558360
39.935005
47.379133
47.302591
35.074823
15.374244
51.985413
52.369695
38.125369
6.647260
45.198927
41.859917
11.920224
24.976080
60.066193
33.974388
17.698570
11.338984
59.839752
25.650393
7.949297
49.122318
39.972703
43.108530
18.735416
39.926340
59.301642
50.735723
33.387979
34.882638
45.838699
31.733404
19.559408
37.159483
4.048136
52.412397
16.685221
50.563138
4.875498
16.152341
29.403194
49.902172
2.093034
40.841011
23.822985
11.738958
21.381015
0.619708
18.080362
20.367632
25.706932
3.151347
51.576310
24.867429
12.949195
37.062029
0.205130
30.714906
23.339164
41.639841
29.530366
15.962482
53.924737
55.602964
38.506905
37.188875
16.844249
0.617017
34.222768
8.651800
1.131110
45.093733
8.708481
52.817368
23.286040
12.250453
52.559880
12.365261
23.840634
4.981132
53.419104
12.546112
26.659964
55.302895
53.562891
23.959425
18.704484
1.048074
69.406698
85.953283
43.673153
16.120949
37.406841
64.676007
27.425851
33.481919
47.461397
32.494932
40.111508
16.209905
43.287722
34.389382
13.186639
50.731929
52.532038
11.391381
5.672245
22.911454
35.534961
38.507139
76.716565
32.117471
55.771348
7.067006
40.655222
3.805058
27.683267
23.232933
43.278498
39.962687
54.379186
56.255787
3.751536
18.309497
29.686424
24.378129
57.780799
15.997861
31.649402
32.065651
2.130740
53.129039
30.563517
9.106184
1.802403
15.213490
55.728393
28.402240
43.285406
51.469397
22.553933
67.317722
77.802229
36.907533
29.400859
56.457234
35.181077
8.371805
14.654279
13.592788
24.614598
9.447037
6.843842
43.101966
45.234033
43.309196
40.575193
6.928449
33.329868
7.612150
31.678643
13.147291
15.864356
55.769400
42.091611
46.775398
63.589315
17.038565
0.213825
12.531621
14.243837
39.667664
47.800161
19.922752
14.922894
20.609542
27.706117
59.673542
20.496398
64.305844
23.028194
58.751491
54.361991
14.209751
3.184925
21.098599
38.284212
34.155065
42.527551
50.674203
0.522754
45.231382
38.087404
12.515289
24.376349
12.887614
29.385884
51.297591
32.928812
61.807485
5.329515
58.030511
26.363714
5.118601
13.547987
19.760211
7.304280
37.700438
25.866563
54.435321
49.241854
5.062258
42.161977
15.797650
48.421026
31.401907
27.499597
18.153375
18.591596
14.668916
21.426044
22.339212
22.498817
15.517337
58.953710
28.953884
14.769691
26.210468
2.276174
44.574044
20.694985
40.300411
53.929613
40.436785
17.632528
10.994549
12.485304
19.045476
63.428213
45.370069
53.240520
40.853493
28.124528
21.582369
20.607724
58.909580
22.622483
10.585742
0.948393
37.387801
42.453051
2.294477
0.791100
28.130965
6.198544
4.734521
21.501511
29.177201
24.133479
21.903376
22.635325
38.826812
32.230642
48.819296
39.361805
18.189264
20.467215
36.001339
1.817258
44.860076
52.399030
47.584132
32.380982
29.995517
16.944088
42.107793
33.643189
47.983402
49.261937
10.548826
19.231520
36.068331
5.980224
34.858462
69.461261
8.204789
6.843734
51.409924
41.191640
40.785334
3.793624
18.705711
63.488601
45.780253
5.272880
39.273870
29.896570
50.590529
33.940107
56.037020
36.322378
31.442055
71.444725
95.622738
5.147962
21.863882
31.504899
46.727868
57.796563
58.857206
11.925696
4.040298
37.944707
46.265477
8.591610
12.536133
43.223135
3.085598
51.311836
11.904907
53.211088
6.205157
29.038598
31.597052
18.583140
45.915529
3.863978
6.581692
5.203825
1.445110
12.707785
20.737461
3.375507
34.499673
1.071973
12.285600
11.643070
49.578696
0.633363
4.706757
42.793950
10.003617
60.729544
21.782143
56.943040
26.244277
48.494409
27.481864
27.674866
18.997629
19.052331
4.095008
59.064964
34.626153
44.530741
26.193127
59.302526
23.928124
20.483945
48.393712
25.423207
6.738069
47.813639
10.526427
20.244307
50.118950
59.479870
44.750833
39.171949
29.142486
54.931255
7.804825
48.086771
38.363840
47.089700
11.037097
27.955707
1.703074
41.694570
64.826223
35.358470
52.628531
12.566912
40.661302
14.782794
53.430670
53.535626
24.837681
37.536915
55.157698
42.621683
61.473079
40.986212
28.121158
18.757284
25.226298
35.086659
29.107735
5.477946
18.726068
23.562458
38.196381
20.438177
64.235236
15.146159
14.978701
42.774558
25.395929
12.018713
22.255746
39.419978
44.638180
16.850653
37.713562
57.270063
68.544457
15.860999
23.134056
26.074490
4.019918
20.988409
15.668740
55.180138
10.633287
66.114851
43.060381
32.611218
47.548095
27.689972
35.854383
14.822065
2.748383
47.687703
13.485817
59.661707
8.719424
51.887334
6.327918
49.622772
31.841307
53.703703
30.004278
36.175356
18.355161
55.177146
37.191361
0.935768
50.735097
40.750264
11.693068
9.882873
50.564996
3.814216
7.211034
41.289382
54.319676
0.941507
25.718346
22.969160
34.852330
52.334556
14.167779
12.951060
57.613882
32.817736
56.128268
51.658683
17.589380
16.001666
47.191569
2.033316
3.156340
16.683955
42.679644
31.396758
7.120211
12.884535
22.526020
32.562884
11.871807
25.306719
10.368803
53.640219
62.474134
13.586917
1.621807
8.241949
36.621694
48.915814
54.717104
45.578586
63.644536
19.743821
0.619639
24.443751
45.883987
2.454031
10.508122
30.098373
54.381857
37.460479
17.509016
0.247222
28.448465
41.920695
47.384050
25.265844
3.546687
10.754684
1.30876
