0.003481
0.000919
0.000690
0.002345
0.000235
0.000930
0.000500
0.000631
0.000975
0.003112
0.001664
0.001710
0.000936
0.001647
0.002149
0.001319
0.001287
0.001158
0.002511
0.000833
0.000309
0.001447
0.001879
0.002984
0.000184
0.002252
0.002383
0.000750
0.001568
0.001093
0.000312
0.001528
0.000551
0.001520
0.001618
0.001704
0.000706
0.001272
0.002581
0.001436
0.000705
0.001503
0.001877
0.001283
0.000470
0.001220
0.002230
0.002686
0.001280
0.000966
0.001363
0.000296
0.002705
0.000111
0.002175
0.000181
0.001625
0.001168
0.000304
0.002732
0.000836
0.000621
0.001175
0.001655
0.001894
0.000253
0.000226
0.004228
0.001416
0.001757
0.000510
0.001561
0.002155
0.000570
0.001881
0.000107
0.000804
0.001881
0.002713
0.001693
0.002422
0.000926
0.000325
0.000870
0.001277
0.001030
0.000994
0.002256
0.001233
0.001261
0.002814
0.000759
0.001629
0.000959
0.018906
0.001048
0.002920
0.001093
0.000137
0.000616
0.000377
0.000592
0.002330
0.001001
0.002872
0.000901
0.000365
0.002934
0.002788
0.003283
0.001928
0.000352
0.000961
0.000781
0.001996
0.000422
0.000118
0.001988
0.024454
0.000759
0.002915
0.001421
0.002612
0.003224
0.000360
0.003016
0.001943
0.001392
0.000918
0.002452
0.002691
0.003585
0.003655
0.003174
0.001787
0.002498
0.003032
0.002551
0.001574
0.002661
