0.002805
0.001143
0.000714
0.000953
0.000725
0.000863
0.000636
0.000924
0.000864
0.000907
0.001008
0.000941
0.000883
0.000881
0.000770
0.000944
0.000775
0.000845
0.000870
0.001037
0.000631
0.000858
0.000870
0.001062
0.000475
0.001001
0.000886
0.000887
0.000759
0.001011
0.000802
0.000808
0.000859
0.000923
0.000854
0.000885
0.000792
0.000744
0.001128
0.000874
0.000879
0.000828
0.000845
0.000758
0.000626
0.000873
0.001028
0.000647
0.001082
0.000911
0.000870
0.000653
0.000875
0.000559
0.000729
0.000580
0.000860
0.000694
0.000879
0.000929
0.000748
0.000905
0.000881
0.001829
0.000784
0.000524
0.000533
0.001029
0.000878
0.000900
0.000851
0.000880
0.000879
0.001212
0.000849
0.000563
0.000751
0.000694
0.000691
0.001036
0.000828
0.000863
0.000709
0.001093
0.000853
0.000880
0.000878
0.000855
0.000820
0.000732
0.000677
0.001024
0.001099
0.000866
0.000721
0.000882
0.000681
0.000892
0.000574
0.000900
0.000573
0.000931
0.000983
0.001170
0.000862
0.000832
0.000808
0.000791
0.000674
0.000906
0.001026
0.000636
0.000924
0.000746
0.000783
0.000828
0.000539
0.000713
0.000713
0.001322
0.001215
0.001713
0.000997
0.000814
0.000491
0.000685
0.000884
0.000888
0.001093
0.000851
0.000746
0.000698
0.000911
0.000647
0.001016
0.000886
0.000761
0.001304
0.000946
0.000849
