0.000512
0.000454
0.000309
0.000305
0.000334
0.000268
0.000272
0.000276
0.000325
0.000313
0.000286
0.000272
0.000408
0.000350
0.000277
0.000288
0.000374
0.000253
0.000263
0.000338
0.000407
0.000325
0.000272
0.000252
0.000297
0.000347
0.000258
0.000269
0.000314
0.000298
0.000292
0.000276
0.000275
0.000256
0.000366
0.000318
0.000261
0.000253
0.000389
0.000262
0.000279
0.000365
0.000237
0.000266
0.000246
0.000322
0.000373
0.000285
0.000275
0.000260
0.000244
0.000339
0.000236
0.000342
0.000264
0.000264
0.000315
0.000320
0.000247
0.000247
0.000288
0.000398
0.000289
0.000282
0.000253
0.000310
0.000325
0.000326
0.000266
0.000257
0.000290
0.000394
0.000255
0.000279
0.000266
0.000296
0.000261
0.000337
0.000302
0.000352
0.000248
0.000380
0.000380
0.000259
0.000290
0.000259
0.000398
0.000246
0.000262
0.000279
0.000266
0.000263
0.000261
0.000261
0.000275
0.000244
0.000246
0.000391
0.000327
0.000256
0.000245
0.000336
0.000261
0.000247
0.000266
0.000287
0.000249
0.000250
0.000258
0.000247
0.000361
0.000240
0.000337
0.000264
0.000261
0.000257
0.000300
0.000289
0.000244
0.000288
0.000360
0.000266
0.000278
0.000334
0.000326
0.000245
0.000260
0.000267
0.000350
0.000258
0.000248
0.000250
0.000292
0.000258
0.000283
0.000246
0.000332
0.000275
0.000279
0.000252
