43.981621
5.496180
21.729653
28.644861
44.063294
37.369896
12.005353
11.317188
41.651786
4.591943
59.641361
45.203467
7.257884
29.576640
57.029267
34.615168
18.729228
40.669674
26.947345
49.940162
53.193945
28.139853
15.576077
19.373195
10.659476
34.358270
31.524304
47.579243
29.938986
57.001892
35.570144
18.504571
57.345728
0.777012
35.833614
28.268307
4.418452
14.466639
2.385616
18.503224
28.401903
11.915214
39.420920
21.160383
6.390087
15.926129
0.648036
10.772881
48.881237
44.840594
11.774835
50.045551
1.348585
36.214383
51.667501
5.587804
50.943911
9.024301
23.909743
43.426831
45.138873
21.213525
44.290011
41.905040
25.296981
6.237909
50.195688
48.963250
37.640673
29.844365
8.104821
5.035725
36.608663
59.227688
12.848459
0.159186
40.323565
13.627629
58.918380
16.722948
6.471207
42.334983
37.522055
30.155637
20.724938
14.835961
40.182012
44.934924
1.826051
56.305494
39.631382
47.080932
48.443644
56.870719
33.767240
33.617577
55.881703
59.176631
21.227025
4.958957
17.866442
44.059685
31.389786
32.242427
42.088526
9.514324
38.455775
3.597555
40.736713
0.265011
4.948638
3.859217
13.352973
34.509761
8.001781
1.879675
1.057603
7.820080
3.090542
7.284739
36.498049
2.923444
31.259654
5.351248
65.180972
16.279386
7.565965
47.650758
33.655921
59.728466
7.167434
38.563122
24.391990
6.118322
44.731929
36.652663
10.788852
37.009754
17.518295
28.939605
53.508895
36.018104
2.668599
19.312288
4.693471
21.871373
30.002495
61.377931
9.956627
59.181327
54.075542
34.180130
37.847311
31.200546
30.636134
60.389766
15.336895
45.728929
0.228755
39.816294
30.546649
15.306146
24.031263
10.311088
58.016665
37.641585
26.485475
31.342547
5.250225
3.405873
34.509357
59.086277
23.544822
31.833676
2.338151
14.177057
41.536043
44.962147
13.559418
9.837861
11.575996
50.772038
23.996406
42.325526
34.865701
46.591255
2.726013
43.943802
38.783698
24.902884
40.595311
23.502606
51.481828
11.324688
55.457832
5.775509
43.120437
50.549739
37.210322
60.598362
6.135341
39.295470
69.018805
26.140778
24.025534
17.738050
4.512112
10.620070
4.420085
25.300700
40.414525
42.786060
58.634546
52.125098
18.115772
20.123806
67.738339
27.643810
36.308220
27.385600
35.852087
32.330666
50.669516
30.426568
23.611482
45.599466
31.684407
56.378837
8.001103
4.385110
54.503141
8.138480
14.205332
45.656432
40.892419
39.793154
67.315694
52.129898
20.874367
4.912019
7.901139
43.261492
4.491001
12.181211
29.449393
17.865704
10.356666
56.690578
0.034665
8.886058
5.503435
10.853684
56.872281
39.165853
22.931949
45.330929
16.589241
29.858369
38.655942
52.215469
47.831294
54.148028
34.324475
7.004212
25.426461
30.534316
5.212870
63.051344
32.473404
78.993719
44.715629
9.455007
18.360762
92.663692
48.705805
39.737007
42.854926
55.298635
53.440899
19.155616
27.933288
38.098862
44.392585
44.809729
31.218401
34.202595
11.384247
14.115788
58.491784
29.508041
51.155992
44.818799
30.988040
36.823427
6.122503
63.601103
15.329815
15.595075
6.351624
14.506109
50.970399
31.525064
49.015982
31.828177
18.957179
41.620886
38.118924
11.922539
32.536754
54.062786
38.166395
51.991801
13.917085
19.819267
4.315060
54.235289
49.986559
19.875913
41.888098
10.366868
25.196571
12.225891
32.947980
53.435394
30.073472
58.357444
30.537929
58.951454
32.697079
6.176081
29.642670
29.830062
51.053190
48.156236
52.889044
31.267893
56.453753
3.911272
47.311246
33.916595
45.493811
20.641301
39.095794
29.501381
32.377303
17.246536
46.928650
35.068308
15.954139
25.829446
41.521015
31.199542
20.475808
36.996630
23.419750
47.394498
25.498655
27.698734
13.489339
17.155572
22.491348
45.233452
54.947681
29.541532
18.598919
34.085072
44.960602
5.375419
8.453380
11.944503
59.916385
65.255535
31.835406
24.536428
58.041674
24.949215
10.008606
58.892048
38.768530
43.131955
46.435165
20.158307
39.533867
39.836253
11.906795
28.913076
29.765447
58.856005
49.757069
51.996117
59.326813
32.487012
35.021918
48.553988
4.649031
44.009013
29.961134
38.998809
26.763198
55.511016
14.093775
36.486524
15.963134
47.899937
49.906942
49.711595
35.626947
29.099533
23.304793
16.665434
32.455395
33.025377
48.933440
37.601828
51.605723
46.233257
59.588241
46.810296
5.634925
50.973756
10.931710
7.017671
29.908363
52.800825
55.698319
42.063320
22.534244
61.468459
14.700351
28.954406
40.377839
56.288977
44.128242
4.747058
10.206928
38.271029
12.941371
28.584266
13.008855
9.908168
36.249444
46.077979
56.080847
36.701179
54.662769
58.066186
20.418189
24.119291
23.027057
35.961517
56.145451
30.366262
25.578864
13.025407
46.278524
23.033226
19.186126
4.043880
20.156143
41.562054
13.014347
48.558977
19.505081
21.170888
54.137178
22.674216
15.228130
53.045153
16.587689
40.578452
15.064606
19.293991
34.530759
1.601375
11.887588
51.791740
22.478682
55.757874
26.861421
21.863976
28.975932
49.353067
77.002345
22.796404
10.028798
12.829670
15.988473
1.442478
14.959995
42.758881
57.949290
47.902397
41.892646
24.722871
36.037063
54.286673
58.512031
41.428360
37.362023
63.518746
56.138419
16.273129
56.393605
18.564712
24.364684
26.716712
19.395411
22.790980
59.897076
41.457564
3.049895
14.965055
25.968078
24.821102
23.497430
31.042737
49.513348
37.817613
28.063537
43.514083
42.290047
51.273204
7.650170
50.880478
4.597646
36.090890
18.792406
4.855289
29.564118
6.259980
45.618091
24.006034
23.623182
37.368877
16.285548
9.522847
10.547515
54.363775
7.826850
18.075180
5.975306
47.835282
17.016985
32.276662
19.781949
12.221137
25.445753
47.144746
32.933884
7.324074
45.795882
3.473929
1.892117
9.745761
20.408285
55.125358
8.385785
6.761245
53.976652
32.301177
16.328914
1.105885
4.704897
21.967435
46.914660
47.594256
57.498832
16.546176
39.549114
27.481366
8.222606
42.483700
21.551247
1.507520
41.177377
30.974987
30.509758
17.760010
48.926326
58.355105
47.679830
49.845237
52.992816
22.244803
10.238592
27.335149
0.381722
31.132360
51.556959
37.099384
16.470051
37.237936
53.147315
42.274948
40.680896
48.702437
29.411954
33.911862
51.586374
9.055931
31.831143
50.736532
0.875343
64.156075
19.523326
11.905427
46.155551
43.104652
56.852884
4.067393
46.322317
54.770398
25.662204
33.584498
43.696977
18.111246
23.720041
21.666653
36.208319
24.656623
45.434171
49.705296
17.875138
23.218402
52.426532
9.753408
31.089539
4.641939
23.210988
48.656419
37.841659
33.966619
25.654862
39.354883
26.822456
43.478481
50.680628
3.663000
13.578281
13.250138
9.134701
3.100235
7.139046
37.200607
43.248975
23.060518
0.310962
9.476957
2.489959
22.554254
25.157869
39.848111
50.730763
19.908671
32.882483
49.066885
48.235222
55.935339
20.446572
24.430987
62.665910
38.210156
19.652741
61.343650
46.140750
42.296662
30.836155
3.264085
30.328306
58.138293
60.779887
5.541806
33.487335
38.789962
1.768130
42.350769
17.308979
41.766928
6.301617
2.011591
42.610595
17.921836
19.911980
45.403694
48.717166
26.274198
53.099067
87.560960
51.708829
23.376454
39.706853
70.862259
28.923681
34.141546
27.785583
26.668252
7.969079
29.836430
36.889007
39.371357
54.420505
17.317485
35.159229
50.934517
28.160925
10.237593
34.265534
15.062778
47.989514
18.510754
36.073180
36.489876
48.103839
1.338982
50.471042
38.200065
60.922334
17.792048
15.962230
48.959691
44.577067
25.707658
11.176190
32.354349
40.221352
30.801403
58.936163
3.091339
41.083183
39.722441
35.097378
19.980148
24.215494
32.055176
31.713849
52.416715
58.709060
60.971434
51.557843
1.147946
70.516149
61.775313
3.259303
29.138340
53.008939
51.277233
52.188478
41.091019
22.774183
15.956697
8.209723
23.316672
51.014120
26.166500
10.007868
38.240951
21.532181
30.149637
5.924939
21.665700
41.490320
54.201764
24.463557
53.821102
28.778900
10.847435
10.632755
45.539361
43.737309
34.131763
6.818005
60.900081
44.073308
40.584057
54.217745
17.283453
26.508449
5.236044
3.979681
55.335166
24.469071
27.488157
24.589112
18.919275
0.362665
14.344188
19.840634
46.697721
53.406448
26.085858
12.007596
20.609804
43.664244
44.824536
13.538358
35.258208
31.145880
41.516707
9.271172
51.083164
12.602623
14.752280
14.018774
15.469314
43.974153
60.404878
1.421205
54.672121
59.133084
67.551361
16.848276
88.848506
117.903774
17.928817
72.233905
73.864150
65.353871
39.493739
78.617578
16.485128
3.320504
17.853973
51.891081
5.250089
58.185026
66.96710
