41.744414
2.847845
28.200748
31.082299
44.221169
22.770598
32.362769
50.608691
25.657421
59.130061
29.355270
44.430279
4.879275
9.875398
42.308335
39.956266
7.605067
32.044851
7.806322
26.063741
23.819635
13.837874
45.327930
49.820443
48.231469
55.386494
31.593857
5.662978
45.562155
31.567322
52.229721
41.032917
32.869521
49.273628
10.440730
32.830254
8.202921
46.101458
40.874575
56.030380
13.706857
7.854029
55.308291
26.423898
51.472611
44.504468
54.940053
0.612613
33.259802
51.047335
33.478685
46.717304
51.039056
48.844466
44.033219
18.005778
55.763909
29.227631
8.675073
22.225551
7.476220
26.993487
19.463045
0.107853
22.329247
32.641752
56.539917
2.390087
17.482742
17.030847
58.874158
57.360990
60.705779
8.800316
41.042883
17.512466
36.983765
34.608605
51.810625
47.739061
23.186465
49.224238
4.396488
43.019625
57.171884
16.204080
65.849818
38.173957
25.920340
45.081790
5.012937
38.606493
53.229681
11.834253
2.968602
6.107087
63.596928
55.331318
55.501452
35.429459
37.856327
6.969962
45.570563
39.837898
50.789388
31.169173
60.622026
31.319668
20.328149
7.126484
57.540586
45.589338
17.724347
61.635280
38.114778
8.122578
60.000176
66.208495
61.750561
28.242329
52.261961
54.450067
97.470961
53.546401
20.067280
43.164797
8.288283
0.518952
66.983123
15.410508
43.544009
62.286320
28.956485
35.062469
16.814336
15.442368
50.894451
35.057203
4.570475
41.483879
35.803138
61.297404
9.550311
33.596499
16.163030
55.811775
64.727962
12.929093
27.603886
54.497863
41.407649
3.964860
65.942139
1.749851
62.877265
14.222906
0.810060
59.976235
38.855110
30.032572
42.629819
7.125483
39.237521
16.227822
40.429954
38.698271
19.244330
49.849538
21.344051
10.577052
59.382422
28.135890
8.759415
26.099990
18.603792
31.861717
38.330773
12.453336
12.127029
48.512394
61.547211
61.904627
32.042734
45.185909
48.579726
11.592611
36.543985
12.888692
37.119604
24.297810
9.649419
45.408167
38.067851
7.415711
19.395577
8.636079
3.908150
4.162859
3.377555
25.318642
19.038956
50.682421
15.671978
51.948688
26.599117
33.875422
0.689183
28.330973
68.030298
52.627193
8.578863
20.452937
42.902009
65.284606
21.869694
63.741507
20.410456
79.814466
40.084057
36.972941
56.825506
46.910263
50.698289
42.875543
41.689533
31.198678
42.029107
20.478511
14.773844
3.858831
1.231193
31.527453
51.134953
47.071118
33.161005
39.921238
11.207619
60.688889
43.960420
28.755407
19.155245
52.809514
55.969080
72.763994
52.071799
48.796889
34.441297
16.977273
0.185588
16.187670
31.229064
36.263443
60.766899
20.216122
4.388776
0.010770
4.028477
39.742511
3.011430
47.337579
68.718273
31.540345
49.882874
51.621615
63.887728
35.778230
55.889859
33.710903
65.492599
7.934488
6.452884
53.698736
46.429162
15.100175
35.266923
46.559198
58.921691
30.347894
61.171540
10.127276
50.375668
57.014276
41.585254
49.876687
62.719545
54.429844
2.408719
18.439924
2.379356
45.437164
30.821848
42.628326
30.898822
12.147935
4.333347
26.136254
27.426469
3.579625
26.689772
34.617163
56.844398
50.451293
23.385551
33.654367
8.172070
8.569669
61.340243
49.735873
2.398193
14.473702
33.703967
52.458066
63.378724
31.820583
30.989590
61.887363
11.642170
0.106815
59.373690
33.200907
40.606313
44.636747
52.860474
8.020057
53.010286
27.131538
48.970016
56.068450
52.325184
55.386741
39.050444
50.438164
7.659387
32.442107
66.556782
5.746453
14.206226
51.886682
49.102698
30.650157
14.588686
24.229741
57.540085
39.927701
9.048320
9.231391
0.984352
22.561029
7.264232
60.650216
23.197638
70.008935
56.207573
64.968395
8.977793
26.890255
20.939157
19.872569
57.005368
36.918074
38.301880
30.143638
5.749437
59.721365
60.065321
23.955195
26.534230
41.808318
39.582051
40.662300
22.895898
25.095226
37.636233
32.765969
2.261088
7.402641
23.289388
60.060592
21.495327
44.959193
65.799963
8.841639
4.827112
9.839343
40.394796
59.079180
61.295870
37.517930
57.666106
38.963638
44.761859
30.846584
33.343816
2.095028
56.077389
48.943866
4.998472
43.176426
6.469589
11.207706
3.173872
55.823101
34.164702
19.351354
26.299865
56.654426
11.975173
18.063946
0.345645
48.894843
21.034502
39.653152
44.409471
27.215063
30.510573
50.024485
47.945120
25.670764
34.022134
35.381137
49.900828
14.272249
22.558620
51.756981
11.816897
71.105872
79.376190
25.046022
59.971264
39.748991
32.727700
15.358671
34.540138
39.457168
25.418856
41.655240
24.870719
6.075637
22.009272
24.312532
22.109787
11.449567
25.400226
16.769493
32.432183
40.488051
32.095727
48.627587
32.752776
52.988990
42.660754
45.668408
13.634208
39.263208
3.397415
43.364415
18.740998
45.128442
49.216078
8.399755
17.399629
27.887766
37.937570
11.886531
35.489812
7.964581
8.656773
56.172152
27.587882
35.680393
60.395298
8.651618
47.079663
2.525544
59.355241
29.752045
4.719380
28.911696
22.867315
34.460167
33.895021
33.397997
18.765950
24.844576
47.083997
34.029499
17.931897
42.006309
5.546336
16.547206
55.746533
35.652568
22.451900
17.249920
10.906943
46.312306
38.207601
35.599528
55.601389
6.479573
23.778722
2.282735
1.982203
19.384543
7.804092
4.685918
58.496629
7.864140
50.772622
37.266463
8.638515
31.161575
14.127712
5.132402
3.221265
9.274376
38.567831
26.464558
33.428934
23.020148
39.009732
45.879886
39.638631
0.331493
0.114372
47.072933
7.266932
6.218631
29.140000
6.189276
10.499459
47.546741
40.669570
40.614823
9.234794
0.051276
58.343863
47.306492
28.198690
6.964043
24.226161
52.037885
49.463281
9.414948
16.309501
51.640787
45.069217
55.619955
5.835262
30.951031
45.329148
16.843705
33.876443
21.134160
7.010506
36.650373
13.147267
56.916676
15.263199
1.841031
52.857927
11.539600
12.506589
51.479623
29.841850
31.023156
29.632121
49.003218
14.165567
25.137314
56.103837
57.887286
26.018563
1.226429
32.566347
19.982586
54.141350
35.107323
58.436573
55.684707
1.815815
1.737514
43.725773
2.383659
47.256620
8.596982
1.752657
30.073255
58.156773
33.755469
22.502195
40.069780
13.631478
29.561265
31.216715
35.987084
38.457930
25.976448
44.059957
9.652169
37.865115
23.026613
37.050933
29.408796
37.410283
24.768648
25.927396
33.157265
23.869704
3.587686
24.426732
39.293612
58.588685
54.397847
23.960881
52.160772
40.890220
0.111486
11.940880
22.183000
22.272065
10.450546
41.722605
35.522530
25.478068
45.421116
39.078707
55.924773
33.309424
8.437096
5.881792
28.829512
6.914812
7.498653
45.669771
22.590638
10.326159
14.888157
1.564034
2.879141
25.207348
46.797009
9.809762
40.527839
25.120790
6.269977
14.214397
44.994068
3.104186
50.328429
18.471232
26.205297
2.086240
53.920550
53.974242
16.378771
10.723923
51.958254
31.316684
4.611437
44.007129
25.566894
5.626598
47.168564
24.272168
6.661416
10.689279
47.138421
24.328324
15.865948
25.289616
23.331063
17.443798
6.995711
51.776079
25.279552
51.836568
6.199839
19.518620
9.268818
13.956919
4.445720
29.149213
32.465333
47.690704
46.457657
12.196093
41.011795
26.337854
14.340987
11.524786
7.043680
47.184256
59.789361
40.139847
37.288880
32.188244
47.677453
5.033953
52.546153
44.829601
17.236573
32.218491
14.239709
4.289455
7.029776
44.396350
21.209420
42.553087
0.970261
47.228545
29.157743
34.377525
54.183912
20.542969
16.529851
39.139260
3.122597
14.989547
45.700291
1.749049
51.221391
34.593564
12.371636
20.195065
22.355900
32.590275
16.769418
43.491637
49.453954
51.215428
1.527004
0.680534
19.748152
48.840213
49.986171
43.757035
0.703512
31.704708
8.106290
13.512179
33.020821
47.285078
20.006083
28.648344
31.583433
26.807533
53.405926
54.006313
22.942546
33.399265
51.930868
52.899614
37.963760
4.838055
46.084730
53.497702
0.171235
19.617182
25.516355
55.903399
17.040983
4.045752
30.877089
13.013196
52.441864
2.535304
28.578080
33.451979
23.857454
21.507324
9.504982
26.401349
30.207565
2.978740
31.683195
36.806494
30.742705
9.877656
19.566119
5.172622
51.235930
52.561576
22.763668
25.999504
38.760414
7.347485
18.488726
60.696999
49.362105
5.340747
6.484124
29.780937
28.780306
11.576498
15.923032
56.392296
39.192109
27.053257
16.141270
25.576783
50.430952
25.837903
18.219407
43.294706
50.109659
48.830555
83.668106
60.315981
30.457303
43.419472
44.975597
27.124526
17.960143
3.081350
71.198193
5.037100
63.281251
40.852929
76.157681
66.965823
55.043267
82.337029
93.884101
80.888252
3.561344
41.868085
4.413302
13.846443
1
